911.9999999999997 19.408949535624828
917.3065284672812 19.13906916835991
922.643933299008 18.874641824671816
928.0123941512182 18.61556220255558
933.4120917252901 18.361726988357972
938.8432077740238 18.11303482129611
944.3059251077592 17.869386258641338
949.8004276005299 17.630683741557927
955.3269001962518 17.396831561587053
960.8855289149484 17.167735827766204
966.476500859012 16.943304434374923
972.1000042195021 16.72344702929755
977.7562282824795 16.508074982994497
983.4453634353772 16.297101358073338
989.1676011734099 16.090440879451677
994.9231341060188 15.888009905103743
1000.7121559633549 15.689726397383195
1006.5348616028003 15.495509894914807
1012.3914470155268 15.305281485048015
1018.2821093330929 15.118963776865515
1024.2070468340792 14.936480874740866
1030.1664589507627 14.757758352438664
1036.1605462758293 14.582723227751805
1042.1895105691262 14.411303937670493
1048.253554764452 14.243430314077969
1054.352882976389 14.079033559968257
1060.4877005071726 13.91804622618188
1066.6582138536016 13.76040218865559
1072.8646307139895 13.606036626182847
1079.1071599951554 13.454885998681931
1085.3860118194555 13.306888025969386
1091.7013975318557 13.16198166703667
1098.0535297070464 13.020107099828591
1104.4426221565961 12.881205701522573
1110.86888993615 12.74522002930828
1117.332549352667 12.612093801668022
1123.8338179717023 12.481771880158608
1130.3729146247292 12.354200251696234
1136.9500594165056 12.229326011346776
1143.5654737324828 12.107097345624307
1150.2193802462566 11.98746351630186
1156.9120029270632 11.870374844739047
1163.6435670473177 11.755782696732142
1170.4142991901967 11.643639467893411
1177.2244272572648 11.533898569567263
1184.0741804761462 11.426514415292091
1190.9637894082414 11.321442407818044
1197.8934859564831 11.21863892669203
1204.863503373149 11.118061316422798
1211.8740762677082 11.019667875240687
1218.9254406147204 10.92341784446801
1226.017833761777 10.829271398518053
1233.1514944374917 10.737189635542487
1240.3266627595347 10.647134568749363
1247.5435802427164 10.559069118415847
1254.8024898071158 10.472957104622612
1262.1036357862574 10.388763240739415
1269.4472639353357 10.3064531276944
1276.8336214394865 10.225993249062835
1284.262956922108 10.147350967014564
1291.735520453229 10.070494519163267
1299.251563557926 9.995393016364778
1306.8113392247903 9.922016441516321
1314.4151019144422 9.850335649413468
1322.0631075680976 9.780322367727031
1329.7556136161818 9.71194919916826
1337.492878986995 9.645189624916883
1345.275164115428 9.580018009394067
1353.1027309517278 9.51640960646986
1360.9758429703152 9.454340567203479
1368.8947651786534 9.393787949224047
1376.8597641261679 9.334729727869831
1384.8711079132183 9.27714480921517
1392.929066200123 9.221013045126849
1401.0339102162359 9.166315250505233
1409.1859127690748 9.113033222880354
1417.385348253506 9.061149764549668
1425.6324926609786 9.010648707462206
1433.927623588815 8.96151494107348
1442.2710202495557 8.913734443417438
1450.6629634803555 8.867294315665344
1459.1037357524383 8.82218282046776
1467.593621180604 8.778389424404278
1476.1329055327922 8.735904844897002
1484.721876239701 8.694721101978107
1493.3608224044615 8.654831575339076
1502.0500348123696 8.616231067130096
1510.7898059406734 8.578915871022401
1519.5804299684178 8.542883848094508
1528.4222027863468 8.508134510155342
1537.3154220068632 8.47466911117347
1546.2603869740456 8.44249074754164
1555.2573987737248 8.411604467970248
1564.3067602436186 8.382017393871086
1573.4087759835238 8.353738851164081
1582.5637523655712 8.326780514513395
1591.771997544536 8.301156565074583
1601.0338214682108 8.276883862909509
1610.34953588784 8.253982135298136
1619.71945436861 8.232474182243323
1629.1438923002074 8.2123861005213
1638.623166907432 8.193747527671638
1648.1575972608764 8.17659190733749
1657.747504287665 8.16095677735039
1667.3932107822563 8.14688408188934
1677.095041417309 8.13442050891474
1686.853322754609 8.12361785385995
1696.6683832560627 8.114526392994353
1706.5405532947523 8.106926471348398
1716.470165166056 8.100749276609719
1726.4575530988334 8.096083226903673
1736.5030532666756 8.093023802147167
1746.6070037992206 8.091674058077226
1756.7697447935338 8.092145150865626
1766.9916183255577 8.094556862314647
1777.272968461624 8.099038111611545
1787.6141412700358 8.105727434418501
1798.015484832716 8.114773403390444
1808.4773492569243 8.126334955684914
1819.0000866870403 8.140581582228643
1829.5840513164178 8.157693319942961
1840.2295993993068 8.177860471254837
1850.9370892628447 8.20128295444927
1861.7068813191172 8.228169163183736
1872.53933807729 8.258734183317902
1883.4348241558116 8.293197179884935
1894.3937062946848 8.331777726781757
1905.4163533678116 8.374690807621882
1916.5031363954104 8.42214017049506
1927.654428556503 8.474309676382578
1938.870605201477 8.53135224777555
1950.1520438647194 8.593376011607484
1961.499124277324 8.660427254949258
1972.9122283798738 8.732469895081788
1984.3917403352966 8.809361336074668
1995.9380465417962 8.890824875850134
2007.551535645858 8.976419276819065
2019.232598555331 9.065506749742447
2030.9816284525862 9.157221435691486
2042.7990208077501 9.250441477255226
2054.6851733920166 9.34376885609211
2066.6404862910363 9.435522159515278
2078.6653619183826 9.523748041964335
2090.7602050290975 9.606256999378335
2102.925422733315 9.680687784891326
2115.1614245099645 9.744602074755333
2127.4686222205564 9.795606830900049
2139.8474301230362 9.831496631265384
2152.2982648857414 9.850402997267556
2164.8215456014177 9.85093378142303
2177.4176938013284 9.832284369381656
2190.0871334694416 9.794304709054712
2202.830291056703 9.7375119793919
2215.64759549539 9.663046929391395
2228.539478213548 9.57258061632767
2241.506373149514 9.468185346177215
2254.5487167665215 9.352187522023572
2267.6669480673927 9.227020318663808
2280.861508609315 9.095091162030634
2294.132842518703 8.958674138666394
2307.4813965061494 8.819832109803691
2320.9076198814587 8.680368607843205
2334.4119645687742 8.541806210381797
2347.994885121786 8.405386184982577
2361.656838739034 8.272083588015114
2375.398285279296 8.142632319066617
2389.219687277066 8.017555488742008
2403.121509958124 7.8971975272075605
2417.104221255196 7.781755518576544
2431.1682918237016 7.671308164109756
2445.314195057599 7.565841502505654
2459.5424071053194 7.465271045047131
2473.853406885791 7.369460340825915
2488.247676104564 7.278236207305808
2502.7256992700204 7.191400979604349
2517.287963709684 7.1087421792619425
2531.9349595866256 7.030040004867782
2546.6671799159585 6.955073021317531
2561.485120581436 6.883622384757346
2576.3892803521417 6.815474895099984
2591.380160899277 6.750425122783869
2606.4582668130497 6.6882768142782405
2621.624105619656 6.628843743254335
2636.8781877983643 6.5719501418871715
2652.2210267986993 6.517430819371607
2667.6531390577234 6.465131052046923
2683.1750440174196 6.414906310988963
2698.787264142176 6.36662187796369
2714.4903249363724 6.3201523886723265
2730.2847549620687 6.275381332736726
2746.171085856796 6.232200532417529
2762.1498523514497 6.190509616237801
2778.2215922882924 6.150215499174364
2794.3868466390536 6.111231877609445
2810.6461595231403 6.073478744587027
2827.0000782259526 6.036881928915127
2843.4491532173047 6.001372660154886
2859.9939381699533 5.9668871604281435
2876.634989978233 5.93336626316719
2893.3728687768053 5.900755058354191
2910.208137959507 5.869002563398089
2927.141364198319 5.838061418530826
2944.173117462437 5.807887605439302
2961.3039710374583 5.778440187758673
2978.534501544678 5.749681072016488
2995.865288960497 5.721574787620775
3013.2969166359458 5.693651377263367
3030.8299713163187 5.6648672205314226
3048.4650431609243 5.635161405943667
3066.2027257629484 5.604508586845898
3084.0436161694365 5.572888874499217
3101.9883149013895 5.540299850224826
3120.037425973976 5.5067679695263925
3138.191556916865 5.472359448794449
3156.451318794674 5.437190714228593
3174.817326227538 5.4014384827825195
3193.290197411798 5.3653495360968
3211.8705541408076 5.329250240396687
3230.559021825864 5.293555858067052
3249.356229517259 5.258779689949926
3268.262809925452 5.225542081222359
3287.2793994423673 5.194579317886011
3306.406638162819 5.166541396695531
3325.6451699060426 5.139374373668319
3344.9956422373843 5.112314186479403
3364.4587064900875 5.085359462547497
3384.035017787218 5.058509058887305
3403.725235063715 5.031762070535549
3423.5300210885725 5.005117841008263
3443.450042487146 4.978575975100736
3463.4859697635934 4.952136354400088
3483.638477323441 4.925799155951128
3503.908243496285 4.899564874600994
3524.295950558627 4.8734343496505685
3544.802284756833 4.847408796564381
3565.42793633024 4.821489844640154
3586.1735995343815 4.795679581719729
3607.0399726643623 4.769980607241373
3628.02775807836 4.744396095196505
3649.137662221266 4.718929868870607
3670.370395648466 4.693586489627205
3691.7266730497554 4.668371362445045
3713.207213273397 4.643290861449861
3734.812739350316 4.618352479298335
3756.543978518439 4.593565004969408
3778.4016622471704 4.568938735278484
3800.386526262015 4.544485726205347
3822.4993105693425 4.520220090818415
3844.740759481295 4.496158350998954
3867.1116216408395 4.472319849981814
3889.612650046972 4.448727231344413
3912.2446020800558 4.4254069864869
3935.008239527321 4.402390065167233
3957.9043286085043 4.379712529509339
3980.933640001638 4.357416206609023
4004.0969488689925 4.33554925136082
4027.3950348831686 4.3141664586805915
4050.828682253339 4.293329047433785
4074.398679751648 4.2731034568450275
4098.105820739758 4.253558428362835
4121.950903195556 4.234759281488766
4145.934729740013 4.216757864371769
4170.058107664197 4.199576315940203
4194.321848956454 4.183182897767412
4218.72677032973 4.16745950436602
4243.27369324907 4.152164193896886
4267.963443959259 4.136899167314117
4292.796853512644 4.121104049566702
4317.774757797098 4.104100244039771
4342.897997564159 4.085203252686569
4368.167418457332 4.06388772429032
4393.583871040551 4.039946264199966
4419.1482108268065 4.013564488164518
4444.861298306948 3.9852709628025873
4470.72399897864 3.9557908071091172
4496.737183375503 3.9258779181945442
4522.901727096409 3.8961915960084603
4549.218510834954 3.867240983083975
4575.688420409109 3.8393842309653134
4602.31234679103 3.8128556691461943
4629.091186137048 3.7877974040178297
4656.025839817835 3.7642798830535167
4683.117214448747 3.7423021873228732
4710.366221920335 3.721766445938018
4737.773779429043 3.7024253431112317
4765.340809508079 3.6838135764517412
4793.068240058466 3.6651988888234075
4820.957004380278 3.645618725848581
4849.008041204054 3.624067661941268
4877.2222947223945 3.5998172698096234
4905.600714621742 3.5727078270289527
4934.1442561143485 3.543205807236716
4962.853879970427 3.5121816405345934
4991.730552550495 3.480574041799881
5020.7752458378945 3.449141196385209
5049.988937471514 3.418371739326482
5079.372610778695 3.3885118850632825
5108.927254808331 3.3596372130305268
5138.653864364154 3.3317225874891783
5168.553440038227 3.304693205244736
5198.626988244618 3.2784562991631785
5228.875521253278 3.2529185457221916
5259.3000572241135 3.227994439834244
5289.901620241258 3.203609517669868
5320.681240347539 3.1797008889217153
5351.639953579156 3.156216506003671
5382.778802000548 3.133113944033455
5414.098833739468 3.1103590837820754
5445.601103022269 3.0879248786334834
5477.2866702093825 3.0657902749006842
5509.156601831013 3.0439392983654674
5541.21197062304 3.0223602927972957
5573.45385556312 3.0010452838904547
5605.883341907007 2.9799894364944595
5638.501521225087 2.9591905698031726
5671.309491439112 2.938648691915187
5704.308356859162 2.91836551060458
5737.499228220812 2.8983438706984073
5770.883222722522 2.878587060273258
5804.46146406324 2.8590979190049723
5838.235082480225 2.8398776749352264
5872.205214787092 2.8209244354370844
5906.3730044120775 2.802231272322476
5940.739601436525 2.783783881910742
5975.306162633597 2.7655578840766446
6010.073851507213 2.747515965423039
6045.043838331212 2.729605277277751
6080.217300188744 2.71175575007074
6115.595421011891 2.6938802155179724
6151.179391621513 2.675877309184658
6186.970409767341 2.657637887484178
6222.969680168283 2.6390549996415613
6259.178414552979 2.620036343240561
6295.597831700587 2.600516928128304
6332.22915748181 2.580468952577285
6369.073624900152 2.5599061936874463
6406.132474133425 2.538881624489737
6443.406952575492 2.5174789579866834
6480.898314878264 2.4958004887138547
6518.607822993898 2.4739542606522305
6556.53674621732 2.4520431377217102
6594.686361228921 2.430157230152719
6633.057952137533 2.408369940692107
6671.6528105236575 2.3867370569214925
6710.472235482936 2.365297947262512
6749.51753366988 2.344077919934923
6788.790019341848 2.323091004565348
6828.291014403289 2.302342670037984
6868.021848450234 2.281832215010718
6907.983858815051 2.2615547280024275
6948.178390611458 2.2415026128094366
6988.606796779803 2.221666726305495
7029.2704381325975 2.202037195568654
7070.170683400329 2.182603983019159
7111.308909277525 2.1633572610316176
7152.686500469097 2.1442876469323786
7194.304849736948 2.12538633848045
7236.16535794685 2.1066451802989614
7278.269434115601 2.088056683776759
7320.618495458451 2.0696140167119896
7363.2139674368045 2.051310974219964
7406.0572838062 2.0331419389056733
7449.149886664572 2.015101835740259
7492.493226500792 1.9971860852487213
7536.088762243489 1.9793905573249553
7579.937961310162 1.9617115270932552
7624.042299656566 1.9441456336220706
7668.403261826397 1.9266898418837872
7713.022341001261 1.9093414080839397
7757.901039050934 1.8920978483112176
7803.040866583913 1.8749569103552801
7848.443342998265 1.857916548480764
7894.109996532768 1.840974900917852
7940.042364318351 1.8241302698216095
7986.241992429839 1.8073811034566902
8032.710435937984 1.7907259803759656
8079.449258961815 1.7741635953777393
8126.460034721286 1.7576927470442782
8173.744345590227 1.7413123266829404
8221.303783149608 1.7250213085092712
8269.139948241114 1.7088187409286475
8317.254451021021 1.6927037387889483
8365.648911014407 1.6766754764912448
8414.324957169649 1.660733181858674
8463.284227913266 1.644876130675364
8512.528371205059 1.6291036418178073
8562.059044593592 1.6134150729103147
8611.87791527197 1.5978098164444055
8661.986660133969 1.582287296309193
8712.386965830476 1.5668469646862
8763.080528826256 1.55148829926758
8814.069055457065 1.5362108007616506
8865.354261987073 1.5210139906538975
8916.937874666646 1.505897409195409
8968.821629790438 1.4908606135939575
9021.007273755848 1.4758850276459359
9073.496563121791 1.4608106420874587
9126.291264667838 1.4456169370806424
9179.393155453652 1.430325804815082
9232.804022878854 1.4149599821003471
9286.52566474315 1.3995428965370256
9340.559889306856 1.3840985092169806
9394.908515351763 1.3686511539622
9449.573372242354 1.353225373099746
9504.556299987387 1.337845749759746
9559.85914930182 1.3225367366739467
9615.483781669114 1.3073224814438256
9671.432069403883 1.2922266482396774
9727.705895714927 1.2772722358851136
9784.307154768605 1.2624813922751281
9841.237751752602 1.2478752250701226
9898.499602940059 1.2334736086029372
9956.094635754069 1.2192949869310747
10014.024788832552 1.2053561729616815
10072.292012093521 1.1916721435726083
10130.8982668007 1.1782558306488509
10189.84552562955 1.1651179079498473
10249.135772733665 1.1522665737195195
10308.771003811566 1.1397073289474637
10368.75322617386 1.1274427511863954
10429.084458810821 1.1154722638277288
10489.76673246034 1.103791900734064
10550.802089676288 1.09239406612433
10612.192584897253 1.0812672896043425
10673.94028451571 1.0703959762326465
10736.047266947557 1.0597601515086197
10798.515622702094 1.0493352011669683
10861.34745445237 1.0390916056599486
10924.544877105975 1.0289946692058072
10988.110017876214 1.0190042432791653
11052.045016353715 1.0090939293634558
11116.35202457845 0.9992792823342805
11181.033207112165 0.9895600981317743
11246.090741111244 0.9799354482908169
11311.526816399992 0.9704044133776013
11377.34363554434 0.9609660829018017
11443.543413925985 0.951619555229608
11510.12837981696 0.9423639374975963
11577.10077445464 0.933198345527446
11644.462852117174 0.9241219037414811
11712.216880199368 0.915133745079035
11780.365139289011 0.9062330109136293
11848.909923243626 0.8974188509709604
11917.85353926769 0.8886904232476814
11987.198307990295 0.8800468939309747
12056.946563543255 0.8714874373189102
12127.100653639674 0.863011235741574
12197.662939652972 0.8546174794829716
12268.635796696362 0.8463053667036818
12340.02161370281 0.8380741033642718
12411.822793505422 0.8299229031494536
12484.041752918349 0.8218509873929811
12556.680922818123 0.8138575850032725
12629.742748225473 0.8059419323897664
12703.229688387646 0.798103273389985
12777.144216861161 0.7903408591973129
12851.48882159508 0.782653948289479
12926.266005014757 0.775041806357731
13001.478284106055 0.7675037062367038
13077.12819050008 0.7600389278349675
13153.218270558391 0.7526467580662534
13229.751085458704 0.745326490781348
13306.72921128111 0.7380774267006531
13384.155239094784 0.7308988733473988
13462.03177504519 0.7237901449815095
13540.36144044182 0.7167505625341137
13619.14687184641 0.709779453542691
13698.390721161695 0.7028761520868493
13778.095655720675 0.6960399987247318
13858.264358376387 0.6892703404300384
13938.899527592219 0.6825665305296643
14020.003877532728 0.6759279286419446
14101.580138155014 0.6693539006154996
14183.631055300597 0.6628438184686773
14266.159390787845 0.6563970603295871
14349.167922504941 0.6500130103767137
14432.659444503379 0.6436910587801149
14516.636767092015 0.6374306016431881
14601.102716931664 0.631231040945006
14686.060137130238 0.625091784483217
14771.51188733845 0.6190122458174959
14857.460843846071 0.6129918442135524
14943.909899678734 0.6070300045876815
15030.86196469533 0.6011261574518565
15118.319965685938 0.5952797388593563
15206.28684647035 0.589490190350923
15294.765567997152 0.5837569589014453
15383.759108443395 0.5780794968671628
15473.270463314839 0.5724572619333813
15563.302645546775 0.5668897170627046
15653.858685605452 0.5613763304437651
15744.941631590065 0.5559165754404604
15836.55454933537 0.5505099305416795
15928.700522514871 0.5451558793115248
16021.382652744616 0.539853910340019
16114.604059687597 0.5346035171942893
16208.367881158763 0.5294041983702349
16302.677273230627 0.524255457244661
16397.53541033951 0.519156802027884
16492.94548539239 0.5141077457167975
16588.91070987436 0.5091078060483983
16685.43431395675 0.5041565054537668
16782.519546605836 0.4992533710124951
16880.16967569221 0.4943979344075654
16978.387988100763 0.4895897318806644
17077.177789841342 0.4848283041879378
17176.542406160006 0.4801131965561778
17276.485181650965 0.4754439586394384
17377.009480369168 0.47082014447607695
17478.118685943507 0.46624131244621436
17579.81620169075 0.46170702522961266
17682.105450730058 0.4572168497639676
17784.98987609823 0.45277035720360637
17888.472940865588 0.4483671228785934
17992.558128252538 0.4440067262542354
18097.248941746824 0.4396887508909842
18202.54890522145 0.43541278440473397
18308.461563053294 0.4311784184275062
18414.99048024241 0.42698524856852443
18522.13924253202 0.4228328743756677
18629.911456529222 0.4187208992973043
18738.310749826378 0.4146489306445037
18847.34077112322 0.4106165795536143
18957.005190349668 0.40662346094921603
19067.307698789355 0.4026691935074341
19178.252009203876 0.3987530235958213
19289.841855957755 0.3948698227737173
19402.08099514416 0.3910179437898378
19514.973204711303 0.3871972243626448
19628.52228458963 0.3834075036917124
19742.732056819725 0.37964862243885605
19857.606365680935 0.37592042270931886
19973.1490778208 0.3722227480330108
20089.36408238518 0.36855544334579704
20206.25529114917 0.364918354970836
20323.826638648778 0.3613113305999598
20442.082082313344 0.3577342192751014
20561.025602598802 0.3541868713697598
20680.661203121454 0.3506691385705094
20800.99291079317 0.34718087385852764
20922.024775956335 0.34372193149118724
21043.760872520834 0.34029216698364123
21166.2052981005 0.33689143709047564
21289.362174151745 0.3335195997873501
21413.235646111574 0.3301765142527003
21537.829883537823 0.3268620408494234
21663.149080248808 0.32357604110662036
21789.197454465193 0.32031837770131794
21915.979248951266 0.3170889144402409
22043.49873115845 0.31388751624155964
22171.760193368245 0.31071404911668277
22300.767952837425 0.30756838015202176
22430.52635194261 0.30445037749079484
22561.039758327188 0.30135991031479725
22692.31256504757 0.29829684882620616
22824.349190721823 0.2952610642293486
22957.15407967763 0.2922524287124976
23090.731702102654 0.28927081542962774
23225.086554194237 0.28631609848219197
23360.22315831151 0.28338815290085545
23496.146063126846 0.280486854627245
23632.85984377973 0.27761208049564934
23770.369102030003 0.2747637082147321
23908.678466413505 0.27194161634919006
24047.792592397123 0.2691456843014178
24187.71616253625 0.26637579229311553
24328.453886631618 0.2636318213468975
24470.01050188864 0.2609136532678361
24612.390773076033 0.25822117062500616
24755.599492687033 0.25555425673295756
24899.641481099883 0.25291279563318253
25044.5215867409 0.25029667207550926
25190.244686246864 0.2477057714994822
25336.81568462998 0.24513998001566678
25484.239515442157 0.24259918438693415
25632.5211409419 0.24008327200966653
25781.66555226049 0.23759213089493764
25931.67776957085 0.23512564964960905
26082.562842255666 0.23268371745739666
26234.325849078185 0.2302662240598493
26386.971898352334 0.2278730597372922
26540.506128115507 0.2255041152896781
26694.93370630071 0.22315928201739768
26850.2598309111 0.22083845170199945
27006.489730194695 0.21854151658684953
27163.628662820378 0.21626836935771523
27321.68191805494 0.21401890312327154
27480.654815941092 0.2117930113955307
27640.552707476538 0.20959058807019135
27801.380974794105 0.20741152740690488
27963.14503134288 0.20525572400945843
28125.850322070448 0.2031230728058708
28289.502323606157 0.20101346902840062
28454.106544445458 0.1989268081934641
28619.66852513533 0.19686298608146058
28786.193838460757 0.19482189871650443
28953.688089632335 0.19280344234606112
29122.1569164749 0.1908075134204859
29291.605989617354 0.18883400857246305
29462.04101268347 0.1868828245963453
29633.46772248393 0.18495385842738976
29805.8918892094 0.18304700712089142
29979.31931662476 0.18116216783121006
30153.75584226444 0.17929923779069287
30329.20733762895 0.17745811428848676
30505.67970838247 0.1756386946492446
30683.178894551667 0.17384087621171965
30861.7108707256 0.1720645563072502
31041.28164625687 0.17030963223813275
31221.89726546385 0.1685760012558828
31403.56380783416 0.1668635605393827
31586.287388229295 0.16517220717291725
31770.074157090454 0.16350183812409427
31954.930300645545 0.16185235022165365
32140.862041117445 0.16022364013316118
32327.875636933408 0.15861560434259026
32515.977382935736 0.15702813912779034
32705.173610593665 0.15546114053784327
32895.470688216476 0.15391450437030849
33086.87502116784 0.1523881261483577
33279.39305208145 0.15088190109780042
33473.03126107786 0.14939572412400284
33667.79616598258 0.14792948978870044
33863.69432254554 0.14648309228670736
34060.73232466167 0.14505642542252511
34258.91680459289 0.14364938258685284
34458.25443319136 0.14226185673300237
34658.751920123985 0.1408937403532221
34860.416014098315 0.13954492545493277
35063.25350308964 0.13821530353688027
35267.271214569526 0.1369047655652097
35472.47601573559 0.1356132019494661
35678.874813742674 0.13434050251852783
35886.474555935325 0.13308655649647813
36095.28223008165 0.13185125247842325
36305.3048646085 0.1306344784062626
36516.549528838084 0.12943612154442144
36729.02333322589 0.12825606845555212
36942.73342960002 0.12709420497621682
37157.687011401955 0.12595041619255878
37373.891313928645 0.12482458641597606
37591.353614576066 0.12371659915880787
37810.08123308417 0.12262633711004803
38030.08153178328 0.12155368211109857
38251.36191584189 0.12049851513157933
38473.929833515904 0.11946071624520971
38697.792776399394 0.11844016460577986
38922.95827967672 0.11743673842323069
39149.43392237619 0.11645031493986205
39377.22732762514 0.11548077040669259
39606.34616290657 0.11452798005999257
39836.79814031717 0.1135918180980159
40068.59101682698 0.11267215765795847
40301.732594540415 0.11176887079317079
40536.23072095894 0.11088182845065643
40772.09328924519 0.11001090044888895
41009.328238488655 0.10915595545598358
41247.943553972895 0.10831686096826044
41487.94726744437 0.10749348328924122
41729.347457382704 0.10668568750912204
41972.15224927271 0.10589333748476977
42216.3698158778 0.10511629582029149
42462.00837751512 0.10435442384823068
42709.07620233226 0.10360758161144777
42957.58160658552 0.10287562784574633
43207.53295491986 0.10215841996330999
43458.938660650434 0.10145581403702207
43711.807186045815 0.10076766478574176
43966.14704261278 0.1000938255606189
44221.96679138285 0.09943414833253297
44479.275043200454 0.09878848368075004
44738.08045901272 0.09815668078289641
44998.391750161056 0.09753858740635568
45260.217678674344 0.09693404990120369
45523.567057563865 0.09634291319480368
45788.44875111996 0.09576502078819288
46054.8716752104 0.09520021475440182
46322.84479758047 0.09464833573885714
46592.377138154836 0.09410922296203034
46863.47776934117 0.09358271422450667
47136.15581633549 0.09306864591466095
47410.420457429354 0.09256685301914139
47686.28092431876 0.09207716913637692
47963.7465024149 0.09159942649334049
48242.82653115672 0.09113345596581653
48523.53040432526 0.09067908710244202
48805.86757035986 0.0902361481528084
49089.847532676176 0.08980446609993549
49375.479849986106 0.08938386669745094
49662.77413661948 0.08897417451183529
49951.74006284771 0.08857521297012026
50242.38735520928 0.08818680441345805
50534.725796837134 0.0878087701570117
50828.76522778799 0.08744093055665311
51124.51554537354 0.08708310508299201
51421.98670449361 0.08673511240330295
51721.18871797121 0.08639677047196057
52022.13165688958 0.08606789663004441
52324.82565093119 0.08574830771482678
52629.2808887187 0.08543782017991625
52935.50761815789 0.08513625022689186
53243.51614678262 0.08484341394933333
53553.31684210177 0.0845591274902259
53864.920131948216 0.0842832072138026
54178.33650482983 0.08401546989297391
54493.5765102825 0.08375573291359382
54810.65075922526 0.08350381449691742
55129.569924317424 0.08325953394172092
55450.34474031784 0.0830227118876831
55772.98600444621 0.08279317060176576
56097.50457674653 0.08257073428948318
56423.91138045262 0.08235522943311749
56752.21740235585 0.08214648515911961
57082.43369317487 0.08194433363713562
57414.57136792766 0.08174861051331839
57748.641606305595 0.08155915538082584
58084.655653049784 0.0813758122906717
58422.624818329554 0.08119843030638607
58762.56047812317 0.08102686410626399
59104.4740746007 0.08086097463733108
59448.377116509226 0.08070062982554486
59794.281179560145 0.08054570534717567
60142.19790681901 0.08039608546678342
60492.139009096754 0.08025166394772455
60844.11626534526 0.0801123450416943
61198.14152305198 0.07997804456444592
61554.2266986407 0.07984869106551887
61912.38377787066 0.07972422710058506
62272.62481624198 0.07960461061586867
62634.96193939945 0.07948981645503908
62999.40734354269 0.07937983800001477
63365.973295834636 0.0792746889582693
63734.67213481651 0.07917440531050093
64105.51627082105 0.07907904743394088
64478.51818639233 0.07898870241812901
64853.690436703844 0.07890348659171827
65231.04564998318 0.07882354828077329
65610.59652793499 0.07874907082114731
65992.35584617066 0.07868027584985571
66376.33645463618 0.07861742690295347
66762.55127804683 0.07856083335027812
67151.01331632004 0.07851182064299253
67541.7356450152 0.07847801058366642
67934.7314157715 0.07846175324725473
68330.0138567529 0.07846408987332697
68727.59627309114 0.0784861416170286
69127.49204733579 0.07852911646824731
69529.7146399025 0.07859431683049882
69934.2775895283 0.07868314782589761
70341.19451372509 0.07879712639911271
70750.47910924022 0.07893789130025412
71162.14515251528 0.07910721403416832
71576.2065001521 0.0793070108716175
71992.67708937681 0.07953935602619133
72411.57093851137 0.07980649610946264
72832.902147443 0.08011086598564884
73256.6848981012 0.08045510615566297
73682.93345493269 0.08084208180853332
74111.66216538394 0.0812749036852872
74542.88546038177 0.08175695090579724
74976.61785482142 0.08229189591191012
75412.87394805274 0.08288373167911078
75851.668424374 0.08353680134243965
76293.01605352378 0.0842558303681114
76736.9316911805 0.08504596137750339
77183.43027946005 0.08591279169105057
77632.52684742116 0.08686241360135144
78084.23651156886 0.08790145730107055
78538.57447636571 0.08903713627411508
78995.55603474131 0.09027729479767345
79455.19656860872 0.09163045698523903
79917.51154938151 0.09310587651029309
80382.51653849454 0.09471358576685229
80850.22718792793 0.0964644427217656
81320.65924073376 0.09837017306465533
81793.82853156606 0.10044340442942158
82269.75098721376 0.10269768840561715
82748.4426271368 0.1051475047338314
83229.91956400534 0.10780824043969293
83714.19800424212 0.11069613466234604
84201.29424856795 0.11382817754268297
84691.22469255037 0.11722194874644049
85184.00582715559 0.12089537804545643
85679.65423930348 0.12486640698134577
86178.18661242595 0.12915252722363138
86679.61972702852 0.13377016821970972
87183.97046125507 0.13873390477526143
87691.25579145605 0.14405545528524305
88201.4927927598 0.14974244484011276
88714.69863964741 0.15579691617657687
89230.89060653074 0.1622135876296214
89750.08606833385 0.1689778832524418
90272.30250107791 0.17606379819660942
90797.55748246938 0.18343171328042265
91325.8686924917 0.19102633510257974
91857.25391400038 0.19877500693169345
92391.7310333216 0.20658670043815003
92929.31804085421 0.21435204252965895
93470.03303167531 0.22194473332743617
94013.89420614936 0.2292246475179974
94560.91987054072 0.23604276460831633
95111.12843762993 0.24224784225475662
95664.53842733338 0.24769445390546543
96221.16846732679 0.2522517091000258
96781.03729367214 0.2558117351602202
97344.16375144836 0.2582968983251246
97910.56679538562 0.2596648316402734
98480.26549050336 0.25991061856810604
99053.27901275204 0.2590659010006065
99629.62664965856 0.25719514103576285
100209.32780097549 0.25438965968182037
100792.40197933407 0.2507603198329514
101378.86881090098 0.24642978164255724
101968.74803603896 0.24152515411291295
102562.05950997131 0.23617165222473818
103158.82320345013 0.2304876116831095
103759.05920342861 0.22458097183058395
104362.7877137371 0.2185471488339665
104970.0290557632 0.21246810019196563
105580.80366913576 0.20641232425118258
106195.13211241287 0.20043553080528143
106813.03506377389 0.19458174380447182
107434.5333217154 0.18888463904756464
108059.64780575135 0.18336896658815935
108688.39955711717 0.17805195181247294
109320.80973947803 0.1729446067123788
109956.89963964121 0.16805291237529446
110596.69066827254 0.16337885536435212
111240.20436061718 0.15892131553441863
111887.46237722445 0.15467681229583757
112538.4865046769 0.15064012175785016
113193.29865632366 0.1468047797415639
113851.92087301804 0.14316348629843645
114514.37532385944 0.13970842682259255
115180.68430693951 0.13643152361963726
115850.87025009273 0.13332463024414049
116524.95571165135 0.13037967927264002
117202.96338120464 0.12758879257960018
117884.91608036266 0.12494436170913711
118570.83676352444 0.12243910462301348
119260.74851865057 0.12006610396669731
119954.67456804038 0.1178188310256103
120652.63826911364 0.11569115872983851
121354.6631151966 0.11367736639018615
122060.772736313 0.11177213829302926
122770.99089997925 0.10997055782792384
123485.34151200458 0.10826809845379003
124203.84861729563 0.10666061251197428
124926.5364006658 0.10514431865484287
125653.42918764938 0.10371578846589541
126384.55144532022 0.10237193269261022
127119.92778311539 0.10110998738874459
127859.5829536635 0.09992750016239109
128603.54185361783 0.09882231664462485
129351.82952449443 0.09779256722692516
130104.47115351491 0.09683665406039858
130861.4920744543 0.09595323826349643
131622.91776849382 0.09514122724534278
132388.77386507843 0.09439976201736788
133159.08614277968 0.09372820433552201
133933.8805301633 0.0931261234881378
134713.18310666195 0.09259328252010275
135497.0201034532 0.09212962366230468
136285.41790434223 0.09173525271657382
137078.40304665006 0.09141042213115115
137876.0022221068 0.09115551249098691
138678.24227775 0.09097101214218668
139485.1502168283 0.09085749467228543
140296.7531997106 0.09081559397968916
141113.07854479988 0.09084597668880635
141934.15372945307 0.09094931170456735
142760.00639090576 0.09112623675378188
143590.6643272025 0.09137732183367693
144426.15549813252 0.09170302958230772
145266.50802617075 0.0921036727031591
146111.75019742455 0.09257936871811115
146961.91046258569 0.09312999248875575
147817.01743788808 0.09375512713386067
148677.09990607097 0.09445401417651222
149542.18681734777 0.09522550397152661
150412.30729038044 0.09606800768268832
151287.4906132597 0.09697945228788195
152167.7662444909 0.09795724027306592
153053.16381398545 0.09899821581581045
153943.71312405827 0.10009863933690696
154839.44415043123 0.10125417229541178
155740.38704324045 0.10245987400120284
156646.5721280548 0.1037102120063525
157558.02990689175 0.10499908730500268
158474.79105924923 0.1063198751220166
159396.88644313312 0.10766548151417023
160324.34709610112 0.10902841536591379
161257.2042363023 0.11040087466690574
162195.4892635331 0.11177484525229561
163139.2337602889 0.1131422095166462
164088.4694928325 0.11449486202870277
165043.228412258 0.11582482852408962
166003.5426555716 0.11712438447642387
166969.44454676795 0.11838616937144353
167940.96659792354 0.11960329294543258
168918.1415102858 0.1207694299923333
169901.0021753789 0.12187890087047518
170889.58167610588 0.12292673551137451
171883.91328786727 0.12390871950054096
172884.03047967594 0.12482142160841361
173889.96691528897 0.1256622029433228
174901.75645433535 0.12642920862727863
175919.43315346123 0.12712134351860935
176943.0312674706 0.12773823399401485
177972.58525048403 0.12828017814113796
179008.12975709263 0.12874808689870587
180049.69964353033 0.12914341872373403
181097.32996884122 0.129468110281933
182151.05599606564 0.12972450547216097
183210.9131934211 0.12991528483509887
184276.9372355021 0.1300433970872856
185349.16400447502 0.1301119941891732
186427.62959129183 0.13012437102159718
187512.3702968989 0.1300839104262577
188603.422633465 0.12999403407523116
189700.82332560408 0.12985815938044257
190804.6093116177 0.12967966244078694
191914.81774473205 0.1294618468532555
193031.48599435476 0.12920791808352156
194154.65164732662 0.12892096299773262
195284.3525091929 0.1286039340963132
196420.62660546953 0.12825963795748554
197563.51218292958 0.12789072738782914
198713.04771088404 0.127499696784689
199869.2718824832 0.1270888802360681
201032.22361601266 0.1266604519139455
202201.94205620966 0.12621642835333483
203378.46657557425 0.1257586722491927
204561.83677570114 0.12528889744426447
205752.09248860605 0.12480867482154878
206949.27377807305 0.12431943885399956
208153.42094099653 0.12382249460061964
209364.57450874412 0.12331902497163973
210582.77524851446 0.1228100981158289
211808.06416471596 0.12229667480997286
213040.48250034038 0.12177961575432195
214280.07173835777 0.12125968869840334
215526.87360310592 0.12073757533931301
216780.93006170183 0.1202138779496013
218042.2833254472 0.11968912570450138
219310.97585125637 0.11916378068869317
220587.05034307827 0.11863824357140149
221870.549753341 0.11811285894554804
223161.51728439046 0.11758792033223626
224459.99638995162 0.11706367485615816
225766.03077658403 0.11654032760085509
227079.66440516026 0.11601804565521086
228400.9414923382 0.11549696186434572
229729.90651205686 0.11497717829924266
231066.60419702585 0.11445876946017888
232411.0795402386 0.11394178522935261
233763.37779647927 0.11342625358815807
235123.54448385353 0.11291218311434635
236491.62538531324 0.11239956527396054
237867.666550205 0.11188837652240727
239251.7142958125 0.1113785802284475
240643.81520892336 0.11087012843420142
242044.01614738928 0.11036296346357877
243452.36424171136 0.1098570193907937
244868.90689661834 0.10935222337991375
246293.6917926704 0.10884849690564112
247726.76688785592 0.10834575686483662
249168.18041921392 0.10784391658758312
250617.98090444948 0.10734288675594852
252076.21714357508 0.1068425762379527
253542.93822054498 0.10634289284366998
255018.1935049156 0.10584374400981367
256502.032653499 0.105345037418642
257994.5056120427 0.10484668155651362
259495.66261690238 0.10434858621698197
261005.55419674137 0.1038506629528728
262524.23117422283 0.10335282548142041
264051.74466772913 0.10285499004615263
265588.1460930741 0.10235707573890873
267133.48716524016 0.10185900478504735
268687.8199001157 0.10136070279464537
270251.19661624706 0.10086209898222334
271823.66993659904 0.10036312635731169
273405.2927903266 0.09986372188796282
274996.1184145561 0.09936382663912946
276596.2003561775 0.0988633858876607
278205.5924736468 0.09836234921551862
279824.3489387985 0.09786067058268319
281452.5242386694 0.09735830838109433
283090.17317733244 0.09685522547087404
284737.35087774164 0.09635138919997742
286394.1127835871 0.09584677140833968
288060.5146611616 0.0953413484175127
289736.6126012375 0.09483510100672235
291422.4630209548 0.0943280143762212
293118.1226657201 0.09382007809876487
294823.6486111168 0.0933112860599962
296539.09826482594 0.09280163638848778
298264.52936855867 0.0922911313761599
300000.0000000001 0.09177977738976541
